Iterative_deepening_search
	Expanded list:
		Depth = 0: [0]
		Depth = 1: [0, 1, 8]
		Depth = 2: [0, 1, 2, 8, 9, 16]
		Depth = 3: [0, 1, 2, 10, 8, 9, 16, 17, 24]
		Depth = 4: [0, 1, 2, 10, 18, 8, 9, 16, 17, 24, 25]
		Depth = 5: [0, 1, 2, 10, 18, 19, 8, 9, 16, 17, 24, 25, 26]
		Depth = 6: [0, 1, 2, 10, 18, 19, 11, 20, 8, 9, 16, 17, 24, 25, 26, 27]
		Depth = 7: [0, 1, 2, 10, 18, 19, 11, 3, 20, 28, 8, 9, 16, 17, 24, 25, 26, 27, 35]
		Depth = 8: [0, 1, 2, 10, 18, 19, 11, 3, 4, 20, 28, 29, 8, 9, 16, 17, 24, 25, 26, 27, 35, 34, 36]
		Depth = 9: [0, 1, 2, 10, 18, 19, 11, 3, 4, 5, 20, 28, 29, 30, 8, 9, 16, 17, 24, 25, 26, 27, 35, 34, 33, 36, 37]
		Depth = 10: [0, 1, 2, 10, 18, 19, 11, 3, 4, 5, 6, 20, 28, 29, 30, 31, 8, 9, 16, 17, 24, 25, 26, 27, 35, 34, 33, 32, 36, 37]
		Depth = 11: [0, 1, 2, 10, 18, 19, 11, 3, 4, 5, 6, 20, 28, 29, 30, 31, 23, 8, 9, 16, 17, 24, 25, 26, 27, 35, 34, 33, 32, 40, 36, 37]
		Depth = 12: [0, 1, 2, 10, 18, 19, 11, 3, 4, 5, 6, 20, 28, 29, 30, 31, 23, 15, 8, 9, 16, 17, 24, 25, 26, 27, 35, 34, 33, 32, 40, 48, 36, 37]
		Depth = 13: [0, 1, 2, 10, 18, 19, 11, 3, 4, 5, 6, 20, 28, 29, 30, 31, 23, 15, 7, 14, 8, 9, 16, 17, 24, 25, 26, 27, 35, 34, 33, 32, 40, 48, 56, 36, 37]
		Depth = 14: [0, 1, 2, 10, 18, 19, 11, 3, 4, 5, 6, 20, 28, 29, 30, 31, 23, 15, 7, 14, 13, 8, 9, 16, 17, 24, 25, 26, 27, 35, 34, 33, 32, 40, 48, 56, 57, 36, 37]
		Depth = 15: [0, 1, 2, 10, 18, 19, 11, 3, 4, 5, 6, 20, 28, 29, 30, 31, 23, 15, 7, 14, 13, 12, 21, 8, 9, 16, 17, 24, 25, 26, 27, 35, 34, 33, 32, 40, 48, 56, 57, 58, 36, 37]
		Depth = 16: [0, 1, 2, 10, 18, 19, 11, 3, 4, 5, 6, 20, 28, 29, 30, 31, 23, 15, 7, 14, 13, 12, 21, 22, 8, 9, 16, 17, 24, 25, 26, 27, 35, 34, 33, 32, 40, 48, 56, 57, 58, 59, 36, 37]
		Depth = 17: [0, 1, 2, 10, 18, 19, 11, 3, 4, 5, 6, 20, 28, 29, 30, 31, 23, 15, 7, 14, 13, 12, 21, 22, 8, 9, 16, 17, 24, 25, 26, 27, 35, 34, 33, 32, 40, 48, 56, 57, 58, 59, 51, 60, 36, 37]
		Depth = 18: [0, 1, 2, 10, 18, 19, 11, 3, 4, 5, 6, 20, 28, 29, 30, 31, 23, 15, 7, 14, 13, 12, 21, 22, 8, 9, 16, 17, 24, 25, 26, 27, 35, 34, 33, 32, 40, 48, 56, 57, 58, 59, 51, 43, 60, 36, 37]
		Depth = 19: [0, 1, 2, 10, 18, 19, 11, 3, 4, 5, 6, 20, 28, 29, 30, 31, 23, 15, 7, 14, 13, 12, 21, 22, 8, 9, 16, 17, 24, 25, 26, 27, 35, 34, 33, 32, 40, 48, 56, 57, 58, 59, 51, 43, 42, 44, 60, 36, 37]
		Depth = 20: [0, 1, 2, 10, 18, 19, 11, 3, 4, 5, 6, 20, 28, 29, 30, 31, 23, 15, 7, 14, 13, 12, 21, 22, 8, 9, 16, 17, 24, 25, 26, 27, 35, 34, 33, 32, 40, 48, 56, 57, 58, 59, 51, 43, 42, 41, 50, 44, 45, 60, 36, 37]
		Depth = 21: [0, 1, 2, 10, 18, 19, 11, 3, 4, 5, 6, 20, 28, 29, 30, 31, 23, 15, 7, 14, 13, 12, 21, 22, 8, 9, 16, 17, 24, 25, 26, 27, 35, 34, 33, 32, 40, 48, 56, 57, 58, 59, 51, 43, 42, 41, 49, 50, 49, 44, 45, 46, 53, 60, 36, 37]
		Depth = 22: [0, 1, 2, 10, 18, 19, 11, 3, 4, 5, 6, 20, 28, 29, 30, 31, 23, 15, 7, 14, 13, 12, 21, 22, 8, 9, 16, 17, 24, 25, 26, 27, 35, 34, 33, 32, 40, 48, 56, 57, 58, 59, 51, 43, 42, 41, 49, 50, 50, 49, 41, 44, 45, 46, 38, 53, 52, 61]
	Path found:		0->8->16->24->25->26->27->35->34->33->32->40->48->56->57->58->59->51->43->44->45->53->61
	Time to escape maze:		694 minutes